00 00 00 01 00 12 41 70 70 65 6e 64 54 6f 47 61
74 65 77 61 79 55 72 6c 00 00 00 00 28 02 00 25
3f 50 48 50 53 45 53 53 49 44 3d 73 39 63 68 75
68 38 37 36 66 71 35 6c 64 6f 31 39 68 6e 67 75
66 6e 61 68 32 00 01 00 0b 2f 31 2f 6f 6e 52 65
73 75 6c 74 00 04 6e 75 6c 6c 00 00 15 0f 10 00
2f 64 61 74 61 2e 77 65 62 2e 70 76 7a 5f 73 31
2e 61 70 70 2e 73 65 72 76 69 63 65 73 2e 63 6c
69 65 6e 74 2e 66 69 67 68 74 72 65 73 75 6c 74
00 0a 61 73 73 61 69 6c 61 6e 74 73 0a 00 00 00
07 03 00 02 69 64 02 00 07 38 37 32 37 38 39 32
00 02 68 70 02 00 0a 37 33 31 39 36 38 33 36 37
30 00 06 68 70 5f 6d 61 78 02 00 0a 37 35 33 38
35 36 38 39 36 31 00 04 6f 72 69 64 00 40 85 f8
00 00 00 00 00 00 05 67 72 61 64 65 02 00 03 34
33 39 00 0a 71 75 61 6c 69 74 79 5f 69 64 00 40
24 00 00 00 00 00 00 00 00 09 03 00 02 69 64 02
00 07 39 32 35 35 35 36 36 00 02 68 70 02 00 05
31 32 39 38 34 00 06 68 70 5f 6d 61 78 02 00 05
31 33 35 32 34 00 04 6f 72 69 64 00 40 68 e0 00
00 00 00 00 00 05 67 72 61 64 65 02 00 03 32 32
34 00 0a 71 75 61 6c 69 74 79 5f 69 64 00 3f f0
00 00 00 00 00 00 00 00 09 03 00 02 69 64 02 00
08 31 30 30 39 34 30 37 39 00 02 68 70 02 00 04
32 36 35 36 00 06 68 70 5f 6d 61 78 02 00 05 31
35 30 34 38 00 04 6f 72 69 64 00 40 52 40 00 00
00 00 00 00 05 67 72 61 64 65 02 00 03 32 36 33
00 0a 71 75 61 6c 69 74 79 5f 69 64 00 3f f0 00
00 00 00 00 00 00 00 09 03 00 02 69 64 02 00 07
39 31 33 37 37 34 37 00 02 68 70 02 00 08 32 33
33 38 38 30 31 32 00 06 68 70 5f 6d 61 78 02 00
08 32 39 36 38 31 33 38 36 00 04 6f 72 69 64 00
40 8b f8 00 00 00 00 00 00 05 67 72 61 64 65 02
00 03 34 33 37 00 0a 71 75 61 6c 69 74 79 5f 69
64 00 40 20 00 00 00 00 00 00 00 00 09 03 00 02
69 64 02 00 08 31 30 30 39 34 30 38 33 00 02 68
70 02 00 04 39 39 37 33 00 06 68 70 5f 6d 61 78
02 00 05 31 35 33 33 33 00 04 6f 72 69 64 00 40
52 40 00 00 00 00 00 00 05 67 72 61 64 65 02 00
03 32 36 38 00 0a 71 75 61 6c 69 74 79 5f 69 64
00 3f f0 00 00 00 00 00 00 00 00 09 03 00 02 69
64 02 00 08 31 30 30 39 34 30 38 30 00 02 68 70
02 00 04 37 35 34 36 00 06 68 70 5f 6d 61 78 02
00 05 31 35 32 31 39 00 04 6f 72 69 64 00 40 52
40 00 00 00 00 00 00 05 67 72 61 64 65 02 00 03
32 36 36 00 0a 71 75 61 6c 69 74 79 5f 69 64 00
3f f0 00 00 00 00 00 00 00 00 09 03 00 02 69 64
02 00 07 38 38 33 32 35 30 36 00 02 68 70 02 00
09 31 31 37 39 36 33 32 33 39 00 06 68 70 5f 6d
61 78 02 00 09 31 31 39 31 32 36 30 36 32 00 04
6f 72 69 64 00 40 88 10 00 00 00 00 00 00 05 67
72 61 64 65 02 00 03 34 33 36 00 0a 71 75 61 6c
69 74 79 5f 69 64 00 40 20 00 00 00 00 00 00 00
00 09 00 09 64 65 66 65 6e 64 65 72 73 0a 00 00
00 03 03 00 02 69 64 02 00 03 34 32 34 00 02 68
70 02 00 08 31 34 39 34 39 37 36 30 00 06 68 70
5f 6d 61 78 02 00 08 31 34 39 34 39 37 36 30 00
04 6f 72 69 64 02 00 04 32 30 32 38 00 05 67 72
61 64 65 02 00 03 33 30 30 00 0a 71 75 61 6c 69
74 79 5f 69 64 02 00 01 31 00 00 09 03 00 02 69
64 02 00 03 34 32 35 00 02 68 70 02 00 08 31 34
39 34 39 37 36 30 00 06 68 70 5f 6d 61 78 02 00
08 31 34 39 34 39 37 36 30 00 04 6f 72 69 64 02
00 04 32 30 32 38 00 05 67 72 61 64 65 02 00 03
33 30 30 00 0a 71 75 61 6c 69 74 79 5f 69 64 02
00 01 31 00 00 09 03 00 02 69 64 02 00 03 34 33
30 00 02 68 70 02 00 08 31 34 39 34 39 34 39 36
00 06 68 70 5f 6d 61 78 02 00 08 31 34 39 34 39
34 39 36 00 04 6f 72 69 64 02 00 04 32 30 32 38
00 05 67 72 61 64 65 02 00 03 33 30 30 00 0a 71
75 61 6c 69 74 79 5f 69 64 02 00 01 31 00 00 09
00 0a 61 77 61 72 64 73 5f 6b 65 79 02 00 20 61
39 31 35 35 36 64 31 30 34 38 35 63 64 35 61 64
31 61 37 33 33 37 63 36 62 66 35 66 64 36 63 00
0a 64 69 65 5f 73 74 61 74 75 73 00 00 00 00 00
00 00 00 00 00 0a 69 73 5f 77 69 6e 6e 69 6e 67
01 01 00 08 70 72 6f 63 65 73 65 73 0a 00 00 00
0b 03 00 09 61 73 73 61 69 6c 61 6e 74 03 00 04
74 79 70 65 02 00 09 61 73 73 61 69 6c 61 6e 74
00 02 69 64 02 00 07 38 38 33 32 35 30 36 00 00
09 00 09 64 65 66 65 6e 64 65 72 73 0a 00 00 00
01 03 00 02 69 64 02 00 03 34 32 35 00 06 6f 6c
64 5f 68 70 02 00 08 31 34 39 34 39 37 36 30 00
08 69 73 5f 64 6f 64 67 65 00 3f f0 00 00 00 00
00 00 00 02 68 70 02 00 08 31 34 39 34 39 37 36
30 00 06 61 74 74 61 63 6b 00 00 00 00 00 00 00
00 00 00 07 69 73 5f 66 65 61 72 00 00 00 00 00
00 00 00 00 00 0d 6e 6f 72 6d 61 6c 5f 61 74 74
61 63 6b 00 00 00 00 00 00 00 00 00 00 09 62 6f
75 74 43 6f 75 6e 74 00 3f f0 00 00 00 00 00 00
00 00 09 00 06 73 6b 69 6c 6c 73 0a 00 00 00 03
03 00 04 75 73 65 72 02 00 09 61 73 73 61 69 6c
61 6e 74 00 02 69 64 02 00 03 39 37 37 00 04 6e
61 6d 65 02 00 06 e5 bc ba e8 a2 ad 00 06 62 61
74 74 65 72 00 00 00 00 00 00 00 00 00 00 05 67
72 61 64 65 02 00 02 31 37 00 0d 6f 72 67 61 6e
69 73 6d 5f 61 74 74 72 02 00 01 30 00 0a 61 74
74 61 63 6b 5f 6e 75 6d 02 00 01 31 00 00 09 03
00 04 75 73 65 72 02 00 09 61 73 73 61 69 6c 61
6e 74 00 02 69 64 02 00 04 31 31 32 37 00 04 6e
61 6d 65 02 00 06 e5 bc ba e6 94 bb 00 06 62 61
74 74 65 72 00 00 00 00 00 00 00 00 00 00 05 67
72 61 64 65 02 00 01 37 00 0d 6f 72 67 61 6e 69
73 6d 5f 61 74 74 72 02 00 01 30 00 0a 61 74 74
61 63 6b 5f 6e 75 6d 02 00 01 31 00 00 09 03 00
04 75 73 65 72 02 00 09 61 73 73 61 69 6c 61 6e
74 00 02 69 64 02 00 04 31 31 34 33 00 04 6e 61
6d 65 02 00 06 e7 b2 be e7 a1 ae 00 06 62 61 74
74 65 72 00 00 00 00 00 00 00 00 00 00 05 67 72
61 64 65 02 00 01 33 00 0d 6f 72 67 61 6e 69 73
6d 5f 61 74 74 72 02 00 01 30 00 0a 61 74 74 61
63 6b 5f 6e 75 6d 02 00 01 31 00 00 09 00 0f 65
78 63 6c 75 73 69 76 65 53 6b 69 6c 6c 73 0a 00
00 00 00 00 0a 73 70 65 63 5f 62 75 66 66 73 0a
00 00 00 00 00 00 09 03 00 09 61 73 73 61 69 6c
61 6e 74 03 00 04 74 79 70 65 02 00 09 61 73 73
61 69 6c 61 6e 74 00 02 69 64 02 00 07 39 31 33
37 37 34 37 00 00 09 00 09 64 65 66 65 6e 64 65
72 73 0a 00 00 00 01 03 00 02 69 64 02 00 03 34
32 35 00 06 6f 6c 64 5f 68 70 02 00 08 31 34 39
34 39 37 36 30 00 08 69 73 5f 64 6f 64 67 65 00
3f f0 00 00 00 00 00 00 00 02 68 70 02 00 08 31
34 39 34 39 37 36 30 00 06 61 74 74 61 63 6b 00
00 00 00 00 00 00 00 00 00 07 69 73 5f 66 65 61
72 00 00 00 00 00 00 00 00 00 00 0d 6e 6f 72 6d
61 6c 5f 61 74 74 61 63 6b 00 00 00 00 00 00 00
00 00 00 09 62 6f 75 74 43 6f 75 6e 74 00 3f f0
00 00 00 00 00 00 00 00 09 00 06 73 6b 69 6c 6c
73 0a 00 00 00 01 03 00 04 75 73 65 72 02 00 09
61 73 73 61 69 6c 61 6e 74 00 02 69 64 02 00 03
39 37 36 00 04 6e 61 6d 65 02 00 06 e5 bc ba e8
a2 ad 00 06 62 61 74 74 65 72 00 00 00 00 00 00
00 00 00 00 05 67 72 61 64 65 02 00 02 31 36 00
0d 6f 72 67 61 6e 69 73 6d 5f 61 74 74 72 02 00
01 30 00 0a 61 74 74 61 63 6b 5f 6e 75 6d 02 00
01 31 00 00 09 00 0f 65 78 63 6c 75 73 69 76 65
53 6b 69 6c 6c 73 0a 00 00 00 00 00 0a 73 70 65
63 5f 62 75 66 66 73 0a 00 00 00 00 00 00 09 03
00 09 61 73 73 61 69 6c 61 6e 74 03 00 04 74 79
70 65 02 00 09 61 73 73 61 69 6c 61 6e 74 00 02
69 64 02 00 07 38 37 32 37 38 39 32 00 00 09 00
09 64 65 66 65 6e 64 65 72 73 0a 00 00 00 01 03
00 02 69 64 02 00 03 34 32 34 00 06 6f 6c 64 5f
68 70 02 00 08 31 34 39 34 39 37 36 30 00 08 69
73 5f 64 6f 64 67 65 00 00 00 00 00 00 00 00 00
00 02 68 70 02 00 01 30 00 06 61 74 74 61 63 6b
02 00 08 31 34 39 34 39 37 36 30 00 07 69 73 5f
66 65 61 72 00 00 00 00 00 00 00 00 00 00 0d 6e
6f 72 6d 61 6c 5f 61 74 74 61 63 6b 02 00 08 31
34 39 34 39 37 36 30 00 09 62 6f 75 74 43 6f 75
6e 74 00 3f f0 00 00 00 00 00 00 00 00 09 00 06
73 6b 69 6c 6c 73 0a 00 00 00 03 03 00 04 75 73
65 72 02 00 09 61 73 73 61 69 6c 61 6e 74 00 02
69 64 02 00 04 31 31 33 34 00 04 6e 61 6d 65 02
00 06 e5 bc ba e6 94 bb 00 06 62 61 74 74 65 72
00 00 00 00 00 00 00 00 00 00 05 67 72 61 64 65
02 00 02 31 34 00 0d 6f 72 67 61 6e 69 73 6d 5f
61 74 74 72 02 00 01 30 00 0a 61 74 74 61 63 6b
5f 6e 75 6d 02 00 01 31 00 00 09 03 00 04 75 73
65 72 02 00 09 61 73 73 61 69 6c 61 6e 74 00 02
69 64 02 00 04 31 31 35 32 00 04 6e 61 6d 65 02
00 06 e7 b2 be e7 a1 ae 00 06 62 61 74 74 65 72
00 00 00 00 00 00 00 00 00 00 05 67 72 61 64 65
02 00 02 31 32 00 0d 6f 72 67 61 6e 69 73 6d 5f
61 74 74 72 02 00 01 30 00 0a 61 74 74 61 63 6b
5f 6e 75 6d 02 00 01 31 00 00 09 03 00 04 75 73
65 72 02 00 09 61 73 73 61 69 6c 61 6e 74 00 02
69 64 02 00 05 32 31 30 31 35 00 04 6e 61 6d 65
02 00 06 e5 bc ba e8 a2 ad 00 06 62 61 74 74 65
72 00 00 00 00 00 00 00 00 00 00 05 67 72 61 64
65 02 00 02 35 35 00 0d 6f 72 67 61 6e 69 73 6d
5f 61 74 74 72 02 00 01 30 00 0a 61 74 74 61 63
6b 5f 6e 75 6d 02 00 01 31 00 00 09 00 0f 65 78
63 6c 75 73 69 76 65 53 6b 69 6c 6c 73 0a 00 00
00 00 00 0a 73 70 65 63 5f 62 75 66 66 73 0a 00
00 00 00 00 00 09 03 00 09 61 73 73 61 69 6c 61
6e 74 03 00 04 74 79 70 65 02 00 09 61 73 73 61
69 6c 61 6e 74 00 02 69 64 02 00 08 31 30 30 39
34 30 38 33 00 00 09 00 09 64 65 66 65 6e 64 65
72 73 0a 00 00 00 01 03 00 02 69 64 02 00 03 34
33 30 00 06 6f 6c 64 5f 68 70 02 00 08 31 34 39
34 39 34 39 36 00 08 69 73 5f 64 6f 64 67 65 00
3f f0 00 00 00 00 00 00 00 02 68 70 02 00 08 31
34 39 34 39 34 39 36 00 06 61 74 74 61 63 6b 00
00 00 00 00 00 00 00 00 00 07 69 73 5f 66 65 61
72 00 00 00 00 00 00 00 00 00 00 0d 6e 6f 72 6d
61 6c 5f 61 74 74 61 63 6b 00 00 00 00 00 00 00
00 00 00 09 62 6f 75 74 43 6f 75 6e 74 00 3f f0
00 00 00 00 00 00 00 00 09 00 06 73 6b 69 6c 6c
73 0a 00 00 00 00 00 0f 65 78 63 6c 75 73 69 76
65 53 6b 69 6c 6c 73 0a 00 00 00 00 00 0a 73 70
65 63 5f 62 75 66 66 73 0a 00 00 00 00 00 00 09
03 00 09 61 73 73 61 69 6c 61 6e 74 03 00 04 74
79 70 65 02 00 09 61 73 73 61 69 6c 61 6e 74 00
02 69 64 02 00 08 31 30 30 39 34 30 38 30 00 00
09 00 09 64 65 66 65 6e 64 65 72 73 0a 00 00 00
01 03 00 02 69 64 02 00 03 34 32 35 00 06 6f 6c
64 5f 68 70 02 00 08 31 34 39 34 39 37 36 30 00
08 69 73 5f 64 6f 64 67 65 00 3f f0 00 00 00 00
00 00 00 02 68 70 02 00 08 31 34 39 34 39 37 36
30 00 06 61 74 74 61 63 6b 00 00 00 00 00 00 00
00 00 00 07 69 73 5f 66 65 61 72 00 00 00 00 00
00 00 00 00 00 0d 6e 6f 72 6d 61 6c 5f 61 74 74
61 63 6b 00 00 00 00 00 00 00 00 00 00 09 62 6f
75 74 43 6f 75 6e 74 00 3f f0 00 00 00 00 00 00
00 00 09 00 06 73 6b 69 6c 6c 73 0a 00 00 00 00
00 0f 65 78 63 6c 75 73 69 76 65 53 6b 69 6c 6c
73 0a 00 00 00 00 00 0a 73 70 65 63 5f 62 75 66
66 73 0a 00 00 00 00 00 00 09 03 00 09 61 73 73
61 69 6c 61 6e 74 03 00 04 74 79 70 65 02 00 09
61 73 73 61 69 6c 61 6e 74 00 02 69 64 02 00 08
31 30 30 39 34 30 37 39 00 00 09 00 09 64 65 66
65 6e 64 65 72 73 0a 00 00 00 01 03 00 02 69 64
02 00 03 34 33 30 00 06 6f 6c 64 5f 68 70 02 00
08 31 34 39 34 39 34 39 36 00 08 69 73 5f 64 6f
64 67 65 00 00 00 00 00 00 00 00 00 00 02 68 70
02 00 08 31 34 39 34 38 35 38 30 00 06 61 74 74
61 63 6b 02 00 03 39 31 36 00 07 69 73 5f 66 65
61 72 00 bf f0 00 00 00 00 00 00 00 0d 6e 6f 72
6d 61 6c 5f 61 74 74 61 63 6b 02 00 03 39 31 36
00 09 62 6f 75 74 43 6f 75 6e 74 00 3f f0 00 00
00 00 00 00 00 00 09 00 06 73 6b 69 6c 6c 73 0a
00 00 00 00 00 0f 65 78 63 6c 75 73 69 76 65 53
6b 69 6c 6c 73 0a 00 00 00 00 00 0a 73 70 65 63
5f 62 75 66 66 73 0a 00 00 00 00 00 00 09 03 00
09 61 73 73 61 69 6c 61 6e 74 03 00 04 74 79 70
65 02 00 09 61 73 73 61 69 6c 61 6e 74 00 02 69
64 02 00 07 39 32 35 35 35 36 36 00 00 09 00 09
64 65 66 65 6e 64 65 72 73 0a 00 00 00 01 03 00
02 69 64 02 00 03 34 33 30 00 06 6f 6c 64 5f 68
70 02 00 08 31 34 39 34 38 35 38 30 00 08 69 73
5f 64 6f 64 67 65 00 3f f0 00 00 00 00 00 00 00
02 68 70 02 00 08 31 34 39 34 38 35 38 30 00 06
61 74 74 61 63 6b 00 00 00 00 00 00 00 00 00 00
07 69 73 5f 66 65 61 72 00 00 00 00 00 00 00 00
00 00 0d 6e 6f 72 6d 61 6c 5f 61 74 74 61 63 6b
00 00 00 00 00 00 00 00 00 00 09 62 6f 75 74 43
6f 75 6e 74 00 3f f0 00 00 00 00 00 00 00 00 09
00 06 73 6b 69 6c 6c 73 0a 00 00 00 00 00 0f 65
78 63 6c 75 73 69 76 65 53 6b 69 6c 6c 73 0a 00
00 00 00 00 0a 73 70 65 63 5f 62 75 66 66 73 0a
00 00 00 00 00 00 09 03 00 09 61 73 73 61 69 6c
61 6e 74 03 00 04 74 79 70 65 02 00 08 64 65 66
65 6e 64 65 72 00 02 69 64 02 00 03 34 32 35 00
00 09 00 09 64 65 66 65 6e 64 65 72 73 0a 00 00
00 01 03 00 02 69 64 02 00 08 31 30 30 39 34 30
38 30 00 06 6f 6c 64 5f 68 70 02 00 04 37 35 34
36 00 08 69 73 5f 64 6f 64 67 65 00 00 00 00 00
00 00 00 00 00 02 68 70 02 00 01 30 00 06 61 74
74 61 63 6b 02 00 04 37 35 34 36 00 07 69 73 5f
66 65 61 72 00 3f f0 00 00 00 00 00 00 00 0d 6e
6f 72 6d 61 6c 5f 61 74 74 61 63 6b 02 00 04 37
35 34 36 00 09 62 6f 75 74 43 6f 75 6e 74 00 3f
f0 00 00 00 00 00 00 00 00 09 00 06 73 6b 69 6c
6c 73 0a 00 00 00 00 00 0f 65 78 63 6c 75 73 69
76 65 53 6b 69 6c 6c 73 0a 00 00 00 00 00 0a 73
70 65 63 5f 62 75 66 66 73 0a 00 00 00 00 00 00
09 03 00 09 61 73 73 61 69 6c 61 6e 74 03 00 04
74 79 70 65 02 00 08 64 65 66 65 6e 64 65 72 00
02 69 64 02 00 03 34 33 30 00 00 09 00 09 64 65
66 65 6e 64 65 72 73 0a 00 00 00 01 03 00 02 69
64 02 00 07 39 31 33 37 37 34 37 00 06 6f 6c 64
5f 68 70 02 00 08 32 33 33 38 38 30 31 32 00 08
69 73 5f 64 6f 64 67 65 00 00 00 00 00 00 00 00
00 00 02 68 70 02 00 08 32 32 35 38 36 33 33 34
00 06 61 74 74 61 63 6b 02 00 06 38 30 31 36 37
38 00 07 69 73 5f 66 65 61 72 00 00 00 00 00 00
00 00 00 00 0d 6e 6f 72 6d 61 6c 5f 61 74 74 61
63 6b 02 00 06 38 30 31 36 37 38 00 09 62 6f 75
74 43 6f 75 6e 74 00 3f f0 00 00 00 00 00 00 00
00 09 00 06 73 6b 69 6c 6c 73 0a 00 00 00 01 03
00 04 75 73 65 72 02 00 09 61 73 73 61 69 6c 61
6e 74 00 02 69 64 02 00 03 39 37 36 00 04 6e 61
6d 65 02 00 06 e5 bc ba e8 a2 ad 00 06 62 61 74
74 65 72 00 00 00 00 00 00 00 00 00 00 05 67 72
61 64 65 02 00 02 31 36 00 0d 6f 72 67 61 6e 69
73 6d 5f 61 74 74 72 02 00 01 30 00 0a 61 74 74
61 63 6b 5f 6e 75 6d 02 00 01 31 00 00 09 00 0f
65 78 63 6c 75 73 69 76 65 53 6b 69 6c 6c 73 0a
00 00 00 00 00 0a 73 70 65 63 5f 62 75 66 66 73
0a 00 00 00 00 00 00 09 03 00 09 61 73 73 61 69
6c 61 6e 74 03 00 04 74 79 70 65 02 00 09 61 73
73 61 69 6c 61 6e 74 00 02 69 64 02 00 07 38 38
33 32 35 30 36 00 00 09 00 09 64 65 66 65 6e 64
65 72 73 0a 00 00 00 01 03 00 02 69 64 02 00 03
34 32 35 00 06 6f 6c 64 5f 68 70 02 00 08 31 34
39 34 39 37 36 30 00 08 69 73 5f 64 6f 64 67 65
00 00 00 00 00 00 00 00 00 00 02 68 70 02 00 01
30 00 06 61 74 74 61 63 6b 02 00 08 31 34 39 34
39 37 36 30 00 07 69 73 5f 66 65 61 72 00 3f f0
00 00 00 00 00 00 00 0d 6e 6f 72 6d 61 6c 5f 61
74 74 61 63 6b 02 00 08 31 34 39 34 39 37 36 30
00 09 62 6f 75 74 43 6f 75 6e 74 00 40 00 00 00
00 00 00 00 00 00 09 00 06 73 6b 69 6c 6c 73 0a
00 00 00 03 03 00 04 75 73 65 72 02 00 09 61 73
73 61 69 6c 61 6e 74 00 02 69 64 02 00 03 39 37
37 00 04 6e 61 6d 65 02 00 06 e5 bc ba e8 a2 ad
00 06 62 61 74 74 65 72 00 00 00 00 00 00 00 00
00 00 05 67 72 61 64 65 02 00 02 31 37 00 0d 6f
72 67 61 6e 69 73 6d 5f 61 74 74 72 02 00 01 30
00 0a 61 74 74 61 63 6b 5f 6e 75 6d 02 00 01 31
00 00 09 03 00 04 75 73 65 72 02 00 09 61 73 73
61 69 6c 61 6e 74 00 02 69 64 02 00 04 31 31 32
37 00 04 6e 61 6d 65 02 00 06 e5 bc ba e6 94 bb
00 06 62 61 74 74 65 72 00 00 00 00 00 00 00 00
00 00 05 67 72 61 64 65 02 00 01 37 00 0d 6f 72
67 61 6e 69 73 6d 5f 61 74 74 72 02 00 01 30 00
0a 61 74 74 61 63 6b 5f 6e 75 6d 02 00 01 31 00
00 09 03 00 04 75 73 65 72 02 00 09 61 73 73 61
69 6c 61 6e 74 00 02 69 64 02 00 04 31 31 34 33
00 04 6e 61 6d 65 02 00 06 e7 b2 be e7 a1 ae 00
06 62 61 74 74 65 72 00 00 00 00 00 00 00 00 00
00 05 67 72 61 64 65 02 00 01 33 00 0d 6f 72 67
61 6e 69 73 6d 5f 61 74 74 72 02 00 01 30 00 0a
61 74 74 61 63 6b 5f 6e 75 6d 02 00 01 31 00 00
09 00 0f 65 78 63 6c 75 73 69 76 65 53 6b 69 6c
6c 73 0a 00 00 00 00 00 0a 73 70 65 63 5f 62 75
66 66 73 0a 00 00 00 00 00 00 09 03 00 09 61 73
73 61 69 6c 61 6e 74 03 00 04 74 79 70 65 02 00
09 61 73 73 61 69 6c 61 6e 74 00 02 69 64 02 00
07 39 31 33 37 37 34 37 00 00 09 00 09 64 65 66
65 6e 64 65 72 73 0a 00 00 00 01 03 00 02 69 64
02 00 03 34 33 30 00 06 6f 6c 64 5f 68 70 02 00
08 31 34 39 34 38 35 38 30 00 08 69 73 5f 64 6f
64 67 65 00 00 00 00 00 00 00 00 00 00 02 68 70
02 00 01 30 00 06 61 74 74 61 63 6b 02 00 08 31
34 39 34 38 35 38 30 00 07 69 73 5f 66 65 61 72
00 00 00 00 00 00 00 00 00 00 0d 6e 6f 72 6d 61
6c 5f 61 74 74 61 63 6b 02 00 08 31 34 39 34 38
35 38 30 00 09 62 6f 75 74 43 6f 75 6e 74 00 40
00 00 00 00 00 00 00 00 00 09 00 06 73 6b 69 6c
6c 73 0a 00 00 00 01 03 00 04 75 73 65 72 02 00
09 61 73 73 61 69 6c 61 6e 74 00 02 69 64 02 00
03 39 37 36 00 04 6e 61 6d 65 02 00 06 e5 bc ba
e8 a2 ad 00 06 62 61 74 74 65 72 00 00 00 00 00
00 00 00 00 00 05 67 72 61 64 65 02 00 02 31 36
00 0d 6f 72 67 61 6e 69 73 6d 5f 61 74 74 72 02
00 01 30 00 0a 61 74 74 61 63 6b 5f 6e 75 6d 02
00 01 31 00 00 09 00 0f 65 78 63 6c 75 73 69 76
65 53 6b 69 6c 6c 73 0a 00 00 00 00 00 0a 73 70
65 63 5f 62 75 66 66 73 0a 00 00 00 00 00 00 09
00 04 72 61 6e 6b 00 00 00 00 00 00 00 00 00 00
02 73 63 05 00 03 75 70 69 05 00 00 09 